1 2
1 3
1 4
1 5
1 6
1 7
1 8
1 9
1 10
1 11
1 12
1 13
1 14
1 15
1 16
1 17
1 18
1 19
1 20
1 21
1 22
1 23
1 24
1 25
1 26
1 27
1 28
1 29
1 30
1 31
1 32
1 33
1 34
1 35
1 36
1 37
1 38
1 39
1 40
1 41
1 42
1 43
1 44
1 45
1 46
1 47
1 48
1 49
1 50
1 51
1 52
1 53
1 54
1 55
1 56
1 57
1 58
1 59
1 60
1 61
1 62
1 63
1 64
1 65
1 66
1 67
1 68
1 69
1 70
1 71
1 72
1 73
1 74
1 75
1 76
1 77
1 78
1 79
1 80
1 81
1 82
1 83
1 84
1 85
1 86
1 87
1 88
1 89
1 90
1 91
1 92
1 93
1 94
1 95
1 96
1 97
1 98
1 99
1 100
2 3
2 4
2 5
2 6
2 7
2 8
2 9
2 10
2 11
2 12
2 14
2 16
2 18
2 19
2 20
2 22
2 23
2 24
2 25
2 26
2 28
2 29
2 30
2 31
2 32
2 33
2 34
2 36
2 38
2 40
2 41
2 42
2 43
2 44
2 45
2 46
2 47
2 48
2 49
2 50
2 52
2 54
2 56
2 58
2 60
2 62
2 64
2 66
2 67
2 68
2 69
2 70
2 71
2 72
2 73
2 74
2 75
2 76
2 77
2 78
2 79
2 80
2 81
2 82
2 83
2 84
2 85
2 86
2 87
2 88
2 89
2 90
2 91
2 92
2 93
2 94
2 95
2 96
2 97
2 98
2 99
2 100
3 6
3 9
3 11
3 12
3 13
3 15
3 16
3 18
3 21
3 22
3 24
3 27
3 29
3 30
3 31
3 32
3 33
3 36
3 39
3 42
3 45
3 48
3 51
3 52
3 53
3 54
3 55
3 56
3 57
3 58
3 59
3 60
3 61
3 62
3 63
3 64
3 65
3 66
3 69
3 72
3 75
3 78
3 81
3 84
3 87
3 90
3 93
3 96
3 99
4 5
4 7
4 8
4 10
4 12
4 14
4 16
4 20
4 23
4 24
4 25
4 28
4 30
4 32
4 36
4 40
4 41
4 42
4 43
4 44
4 45
4 46
4 47
4 48
4 49
4 50
4 52
4 56
4 60
4 64
4 68
4 70
4 72
4 74
4 76
4 78
4 80
4 82
4 84
4 86
4 88
4 90
4 92
4 94
4 96
4 98
4 100
5 8
5 10
5 13
5 15
5 19
5 20
5 25
5 30
5 34
5 35
5 36
5 37
5 38
5 39
5 40
5 45
5 50
5 55
5 60
5 65
5 70
5 75
5 80
5 85
5 90
5 95
5 100
6 9
6 11
6 12
6 16
6 18
6 22
6 24
6 29
6 30
6 31
6 32
6 33
6 36
6 42
6 45
6 48
6 52
6 54
6 56
6 58
6 60
6 62
6 64
6 66
6 69
6 72
6 75
6 78
6 81
6 84
6 87
6 90
6 93
6 96
6 99
7 14
7 21
7 26
7 27
7 28
7 35
7 42
7 49
7 56
7 63
7 70
7 77
7 84
7 91
7 98
8 10
8 12
8 16
8 20
8 23
8 24
8 25
8 32
8 40
8 42
8 44
8 46
8 48
8 50
8 56
8 64
8 68
8 72
8 76
8 80
8 84
8 88
8 92
8 96
8 100
9 11
9 18
9 21
9 22
9 27
9 30
9 33
9 36
9 45
9 51
9 54
9 57
9 60
9 63
9 66
9 72
9 81
9 90
9 99
10 19
10 20
10 25
10 30
10 34
10 36
10 38
10 40
10 45
10 50
10 60
10 70
10 75
10 80
10 85
10 90
10 95
10 100
11 17
11 18
11 22
11 33
11 44
11 55
11 66
11 77
11 88
11 99
12 16
12 24
12 30
12 32
12 36
12 42
12 45
12 48
12 52
12 56
12 60
12 64
12 72
12 78
12 84
12 90
12 96
13 15
13 26
13 39
13 52
13 65
13 78
13 91
14 26
14 28
14 42
14 49
14 56
14 70
14 77
14 84
14 91
14 98
15 30
15 36
15 39
15 45
15 55
15 60
15 65
15 75
15 90
16 24
16 32
16 44
16 48
16 64
16 72
16 80
16 88
16 96
17 34
17 51
17 68
17 85
18 22
18 30
18 33
18 36
18 45
18 54
18 60
18 66
18 72
18 81
18 90
18 99
19 38
19 57
19 76
19 95
20 25
20 30
20 36
20 40
20 45
20 50
20 60
20 70
20 80
20 90
20 100
21 27
21 42
21 56
21 63
21 84
22 33
22 44
22 66
22 77
22 88
22 99
23 46
23 69
23 92
24 32
24 42
24 48
24 56
24 64
24 72
24 84
24 96
25 35
25 40
25 50
25 75
25 100
26 52
26 78
26 91
27 54
27 63
27 81
28 42
28 49
28 56
28 70
28 84
28 98
29 58
29 87
30 36
30 45
30 60
30 75
30 90
31 62
31 93
32 48
32 64
32 80
32 96
33 55
33 66
33 99
34 68
34 85
35 70
36 45
36 60
36 72
36 90
37 74
38 76
38 95
39 52
39 65
39 78
40 50
40 80
40 100
41 82
42 56
42 84
43 86
44 88
45 60
45 90
46 69
46 92
47 94
48 64
48 72
48 96
49 98
50 75
50 100
52 78
54 81
56 84
58 87
60 90
62 93
64 96
66 99
604